944
760
944
1357
1450
887
1073
907
1313
907
1174
1110
1277
1360
1387
1183
894
1247
1276
877
1130
863
940
1150
823
846
503
537
460
587
856
993
983
1030
776
1556
964
1520
1247
1426
1593
990
1396
1553
880
1387
994
1143
1126
1280
1053
1050
930
747
860
893
683
470
546
830
893
690
953
1216
930
1307
1083
1050
1003
1110
863
757
513
727
740
780
1150
1007
940
1150
816
950
1003
917
720
696
517
293
496
743
627
1106
1110
1160
1390
893
897
656
580
340
710
683
560
310
450
524
823
840
1283
1267
1170
1153
630
760
690
296
316
447
467
864
1056
940
1087
853
1270
770
1146
773
700
1037
1067
567
806
960
740
847
877
987
857
1274
1013
740
950
477
760
293
447
434
823
1110
1064
1040
1177
1064
803
1170
1390
1250
744
677
580
720
597
557
520
866
1153
920
1150
1203
890
797
887
760
580
330
450
737
860
757
956
1093
1093
960
740
970
963
643
910
1253
647
1080
1640
1100
1427
1757
1373
863
417
557
580
554
537
310
326
570
767
817
740
860
756
853
640
804
790
1363
993
650
527
710
837
1017
730
676
904
373
353
323
367
486
280
343
563
333
480
426
946
990
810
1367
1163
1380
1036
1000
970
1063
1487
1370
1190
990
1100
833
1290
1017
626
646
457
570
357
657
353
553
544
276
440
636
820
903
923
1130
1157
1074
1117
1037
1280
1107
843
933
760
520
1066
484
653
1173
977
903
1213
1090
1130
1130
910
650
460
347
540
640
794
953
850
457
960
1243
1170
1260
1130
1177
696
874
830
760
944
606
840
1030
820
637
990
763
720
437
640
583
477
353
494
770
543
617
1047
1033
974
1130
1327
1276
1683
1627
1423
1184
807
684
917
980
790
523
1000
856
743
836
577
993
960
743
460
360
436
667
746
827
760
1143
1123
1020
1074
1567
1297
1393
1250
913
1064
1417
1107
1284
1170
1046
1087
1154
466
354
610
554
473
763
290
453
683
760
1043
1123
1110
1193
1463
1447
1137
1710
1183
1304
1516
1370
1417
1417
1347
1284
1323
1297
1234
873
763
796
733
680
810
520
324
473
540
664
1187
690
1240
956
1047
1457
1370
1136
1197
933
943
667
893
976
1004
1123
767
977
857
617
724
703
613
636
536
456
523
910
970
543
777
720
1026
1040
1020
807
573
540
613
683
493
923
1073
1357
1247
1003
1180
1527
1607
1263
1043
743
317
494
587
330
447
807
774
830
1220
1083
836
1150
1496
1680
1417
1600
1676
1626
1810
1354
960
873
814
840
677
737
537
657
390
663
677
493
370
437
674
776
804
844
926
1260
1013
787
1023
1074
1306
1214
1273
1260
1654
1543
1907
1613
1614
1640
1560
1190
1027
720
657
683
447
303
316
367
427
997
937
1037
1073
1360
1333
1327
867
937
1100
800
747
1017
1277
1430
1477
1123
777
1023
810
497
444
614
777
557
484
327
310
554
930
1017
1024
940
1150
910
1430
1207
1244
1253
1343
1020
1144
1237
1086
1124
827
924
970
747
794
760
750
573
344
590
790
437
317
516
477
920
857
1330
794
1100
887
933
557
430
677
667
950
1260
803
840
1137
1137
820
1167
1377
1463
1100
674
673
426
444
430
410
596
580
927
1060
1323
1130
1333
1093
1343
1307
1704
1457
1370
1470
1326
1107
1024
973
696
717
753
623
720
863
947
997
793
470
334
540
613
947
847
976
823
980
884
497
650
437
700
544
780
513
330
604
514
800
510
700
840
780
887
704
626
653
624
470
410
887
967
624
867
923
743
1013
1023
916
370
780
956
880
1264
1490
1213
1307
1766
1633
1180
1390
1303
1054
1256
1180
1014
483
720
547
544
437
630
630
687
443
633
433
307
303
490
787
993
1047
1073
1090
1220
1123
1330
1160
1583
1523
1756
1193
1553
1037
1254
1260
1653
1287
1044
970
1013
767
1187
893
716
436
520
686
753
720
833
1153
683
854
1337
1340
907
840
910
1033
1233
1080
827
1087
1377
864
454
490
940
520
650
350
413
316
334
323
480
530
907
977
1393
1233
1113
1410
1034
1124
1073
1123
1293
1520
1497
1550
1303
1143
1263
1154
940
496
817
837
504
450
817
664
380
476
506
887
1370
1027
980
913
1190
1390
1393
1023
1053
1200
1210
834
587
670
1003
847
577
466
787
710
1100
740
510
670
627
516
396
313
493
660
540
716
890
1134
1250
1274
1293
1267
1160
637
1354
523
430
1027
1320
1940
1427
1277
993
1310
993
970
587
777
544
560
567
330
487
533
1213
1027
1423
1306
1136
957
1353
1007
1274
1207
1450
1180
1567
1137
1000
1086
670
797
1227
883
746
520
420
503
546
537
434
313
453
617
477
813
780
800
723
664
1157
1166
870
967
907
930
690
1003
1103
1193
953
590
917
974
740
550
820
994
560
593
477
410
626
714
984
1133
996
1387
803
700
430
1066
893
463
373
430
867
983
1040
1070
864
1176
817
1070
943
1170
1077
1327
1016
1017
1223
940
767
867
957
973
430
516
537
363
556
344
324
526
617
783
1280
1320
957
763
864
1137
1266
1470
1050
774
1036
840
653
604
477
313
547
800
857
1010
907
810
727
577
523
527
326
473
794
950
473
893
1156
1577
1013
1186
1226
1413
1187
1590
1743
1283
1820
1280
1606
1197
1010
690
823
737
680
677
540
710
523
504
360
460
456
967
857
1077
960
1047
1343
917
1514
1203
1247
903
1203
943
460
463
443
980
586
747
554
456
660
997
796
730
487
317
473
680
960
850
996
873
957
843
1153
677
667
750
450
543
854
1224
1457
1230
826
734
710
923
970
953
944
790
643
673
630
320
473
593
823
1097
1354
1067
1014
1164
823
960
923
747
623
644
1167
770
756
443
507
520
904
1026
1147
986
823
510
326
470
783
927
1084
1107
1260
1210
1466
1504
1373
1337
1633
1847
1946
1523
1330
1187
1170
747
703
557
500
774
807
664
567
436
293
300
407
830
997
1000
1170
1310
973
1310
1136
1156
994
1017
840
600
590
780
336
574
487
387
490
950
543
567
667
643
613
433
367
463
663
750
1043
1267
1183
1526
1513
1287
1470
914
850
970
867
836
1050
786
776
347
460
620
843
896
1000
817
980
543
433
350
474
524
1166
1086
1387
1077
1167
1457
790
1063
1013
1067
1013
577
534
937
980
410
757
1043
1000
864
876
767
823
617
733
440
347
454
690
750
1257
1073
1570
1473
1706
1410
1720
1603
1684
1597
1346
1513
1437
1686
1524
1134
1266
1170
1214
1290
1180
970
986
1030
687
560
336
524
696
753
760
867
1103
1060
936
1193
1020
910
840
1003
890
857
1087
940
957
877
733
947
810
730
587
480
587
677
633
536
253
516
514
960
1440
1180
1097
1097
1033
940
963
996
1150
1230
1273
1017
973
1093
890
783
430
657
750
643
706
823
393
450
343
364
440
523
980
667
1220
1007
1117
694
690
1314
1390
1250
1383
990
840
1450
1383
1216
967
1107
940
950
1056
890
497
703
490
337
490
470
780
600
1017
803
1210
1440
1530
1653
1487
1266
1097
1346
1123
1553
1530
1487
1564
1526
1227
1320
1377
1217
1190
1037
807
854
453
434
307
434
423
933
983
820
690
1254
1427
1100
517
560
423
453
457
526
407
693
807
520
713
510
630
860
953
1323
1220
1220
1344
1114
1650
1337
1450
1404
1084
734
770
746
787
460
670
763
830
620
467
603
810
1300
1144
1293
1500
1427
1090
1150
1630
1253
1157
1130
1063
767
424
693
637
900
850
520
700
600
773
827
940
606
530
440
303
483
744
563
864
957
1130
1007
880
1300
1226
946
903
1170
886
677
697
780
1074
1037
920
1270
1394
1294
843
897
770
547
400
547
353
437
400
833
993
1093
1017
1110
1144
1154
940
930
993
1160
1037
697
947
1303
1243
1370
1160
953
1114
943
530
466
610
560
484
383
517
627
850
800
1067
1000
1186
1573
930
1020
1064
980
1120
1167
1613
1154
980
1020
447
490
877
730
714
526
803
813
663
736
490
307
466
724
803
783
1480
1376
1106
1230
1323
593
863
913
1074
1134
1057
1090
1063
1014
1480
1363
1290
913
893
463
486
550
494
457
313
447
703
707
717
780
1340
1173
1123
876
1247
1387
1057
1023
1303
1087
1453
1174
887
867
540
1110
370
660
334
317
477
407
317
447
644
623
1000
1107
1107
846
860
1287
1166
1146
803
787
983
706
973
667
986
867
713
1220
853
717
614
464
593
373
430
464
326
430
440
893
966
1103
1070
1290
524
527
800
510
567
527
473
314
786
990
543
497
640
437
327
364
784
467
450
356
574
317
484
820
810
1243
1140
920
1066
876
960
1237
860
1210
1256
1467
1247
1797
1787
1610
1560
1464
1463
1517
1210
947
754
440
397
334
337
444
810
787
1070
957
1240
790
1237
1363
1164
1016
1380
1440
757
1087
907
693
444
780
630
710
1160
843
763
677
417
426
466
460
490
704
910
913
1063
936
1117
1127
1353
1350
1234
924
1420
1256
1397
1060
1450
1323
960
1007
1260
767
543
674
686
956
804
603
400
280
493
540
960
1323
987
1070
1087
867
1280
933
1400
1340
1426
1250
1074
924
894
940
800
1094
1137
1070
743
950
720
547
334
327
333
490
634
723
726
950
1190
1056
897
933
864
1700
1304
1443
1170
963
1053
460
590
633
530
470
846
793
860
783
813
550
457
457
390
860
1054
1257
710
893
670
1286
627
1066
1226
783
540
717
303
380
400
1020
973
1497
1353
1167
1560
1756
1427
1277
1234
1003
517
907
803
730
1004
734
540
247
533
434
750
1014
876
913
636
420
307
430
707
630
1027
1150
886
1220
1360
1080
1003
874
753
1427
1493
1073
1020
973
1286
1474
1420
1120
1180
1170
1093
1027
883
677
754
577
337
377
850
664
934
950
1093
1080
1103
1180
1014
1260
1320
974
983
837
854
973
970
973
1047
750
590
757
1167
864
770
536
420
543
300
417
473
910
1026
1247
1413
1340
1346
1363
1200
1433
1610
1600
1874
1460
1787
1527
1790
1063
1273
1583
1236
1160
1103
1044
880
660
654
560
300
377
563
790
1177
1267
1250
1333
1073
1534
1423
1964
1517
1627
1156
1570
1330
1167
1227
1413
1110
590
600
633
683
644
803
400
333
357
464
716
643
1056
770
1157
1027
804
940
1300
1220
1254
1420
1547
1460
1283
1170
637
763
564
483
627
687
456
346
550
510
366
347
416
754
940
717
954
1043
1120
863
1113
907
753
740
1040
917
930
1090
1026
1247
887
1406
1450
1074
823
760
620
507
337
317
374
423
773
833
1177
1176
1260
1420
994
1283
1237
853
1173
1080
1290
957
984
864
917
733
740
813
1143
1240
1127
833
937
600
590
537
483
640
730
773
703
887
650
663
984
840
823
1270
1357
1240
1327
1097
1063
1020
717
903
667
646
587
646
713
577
286
280
327
473
580
996
933
897
1350
1323
1273
1144
1216
1143
1147
1400
1110
1384
1690
1143
1580
1670
1123
930
996
1057
993
364
627
480
460
470
603
717
1163
1357
1357
1193
1477
1474
1173
1284
1034
1243
1076
1173
1077
883
1183
1363
1336
1056
990
1270
1157
833
380
347
474
310
433
533
860
1024
877
780
787
756
777
1180
1063
1136
1107
1000
430
873
1090
680
780
1060
567
974
864
707
690
440
677
380
447
334
457
833
930
1147
1240
1247
1094
1027
770
767
777
843
940
817
857
753
866
1087
630
527
880
834
947
903
813
723
470
403
370
287
470
746
780
783
1016
626
1340
1250
1216
1170
956
764
420
1087
1237
1126
890
790
806
1013
580
537
433
716
360
470
407
663
460
510
817
907
643
1144
1203
1207
1217
843
947
1023
1160
1054
983
664
843
723
727
770
923
827
984
940
970
844
447
350
543
597
333
486
767
827
854
1103
1160
917
860
766
873
1096
1080
1070
1034
1060
993
1370
1584
1467
1143
950
1323
1150
1080
773
853
873
690
490
330
410
830
904
893
1137
1256
1240
1117
1117
1116
693
1060
1413
1633
1370
1534
1276
1280
1324
1400
940
1073
646
310
533
450
326
357
314
497
717
934
1103
713
993
1270
1076
770
1113
840
1060
1223
1320
1300
1227
1127
1447
1500
1433
1350
1310
1277
833
834
726
593
583
303
317
533
727
770
763
837
530
1066
460
914
554
430
437
1013
1123
933
700
950
1017
1123
836
963
893
687
1187
724
564
593
470
400
356
450
854
836
1200
1207
1306
1540
1190
1134
1350
1160
1127
1437
1370
1410
1257
1210
1170
1483
1513
1070
734
967
944
974
880
504
706
557
373
446
693
660
1157
947
886
723
1477
1460
1260
964
1123
620
1227
820
970
423
793
877
817
1396
1163
1080
1190
1057
1266
1027
1067
1170
1040
1450
1233
923
1007
890
453
520
650
573
600
533
660
386
436
440
340
420
636
823
1104
947
930
923
787
880
426
1104
1357
1073
1153
1214
1613
1400
603
710
577
347
1017
847
843
807
573
326
620
524
420
436
513
1007
1130
1324
1910
1410
1510
1063
1320
940
896
1014
943
833
956
530
336
646
590
556
570
397
477
527
696
703
566
493
337
390
740
974
703
1290
1496
927
926
1036
1104
866
1246
1410
807
413
717
853
1087
620
480
457
1043
1010
930
860
587
340
286
457
363
516
776
593
813
1093
1306
1236
1627
1627
1334
1117
787
830
476
923
900
720
800
564
830
900
943
1113
777
687
590
366
453
487
390
477
693
1033
713
1073
867
1177
867
1227
1213
944
1454
1620
1757
1470
1243
1267
1177
934
750
710
1127
907
880
606
624
473
500
477
490
663
647
1003
1210
777
1227
1256
1194
1036
660
1017
1260
1217
1450
1727
1467
1403
806
876
1197
823
750
716
777
627
726
597
324
420
770
760
807
790
1607
1240
1166
1150
940
1040
833
577
713
570
926
603
853
880
840
490
533
433
714
577
753
377
444
434
664
757
703
764
740
1540
1310
1116
1063
1167
1600
1193
1084
1060
1253
870
1037
970
1184
930
880
1044
893
573
250
300
370
407
487
853
960
1073
1180
713
987
1220
1334
1513
1440
1280
1200
1026
1104
1220
806
1363
993
1036
794
550
443
933
813
597
433
434
346
457
440
933
1026
1320
917
1016
543
950
933
1040
1153
1047
1030
1394
1387
1266
1753
1507
1467
1450
1110
870
570
540
803
857
640
393
500
646
594
663
1256
900
847
1067
343
950
570
1323
847
957
1213
1220
1833
1374
880
1437
1163
864
707
1034
767
646
426
307
333
470
666
786
1107
1256
630
794
770
800
863
983
1017
1097
1187
930
1153
1346
1087
1207
1080
1360
1220
1036
850
746
926
533
477
340
517
713
777
1007
1023
1163
1017
1330
860
803
1013
1233
1173
1523
1280
1574
1277
1380
906
873
433
317
330
550
623
770
446
320
464
300
473
707
724
897
810
1047
1110
1127
1343
1093
997
844
560
560
490
550
747
393
873
537
786
717
923
916
786
796
600
350
320
